0 0.187500 0.631944 0.367188 0.263889
0 0.421875 0.899306 0.820312 0.201389
1 0.685547 0.666667 0.113281 0.250000
1 0.951172 0.670139 0.082031 0.437500
1 0.845703 0.625000 0.042969 0.097222
1 0.785156 0.656250 0.062500 0.104167
1 0.566406 0.541667 0.046875 0.125000
1 0.578125 0.635417 0.046875 0.076389
1 0.705078 0.527778 0.042969 0.041667
1 0.451172 0.656250 0.058594 0.090278
1 0.466797 0.722222 0.050781 0.097222
1 0.578125 0.708333 0.039062 0.055556
1 0.416016 0.767361 0.027344 0.034722
1 0.470703 0.722222 0.050781 0.097222
1 0.507812 0.777778 0.046875 0.055556
0 0.460938 0.576389 0.164062 0.152778
0 0.750000 0.541667 0.304688 0.055556
